  -4.7629688e-03  -2.0912142e-01   5.0000000e-01
   1.4298363e-01  -1.5889183e-01   5.0000000e-01
  -5.0685003e-02   1.2535600e-01   5.0000000e-01
  -5.1820343e-02  -2.0145937e-01   5.0000000e-01
   9.9635268e-02   3.2518359e-02   5.0000000e-01
   7.2361997e-02   1.0519462e-01   5.0000000e-01
  -1.0042406e-01  -1.3989955e-01   5.0000000e-01
  -2.3708536e-02  -9.2771593e-04   5.0000000e-01
  -6.9493944e-02   2.0100557e-01   5.0000000e-01
  -5.8500241e-03   7.5111411e-02   5.0000000e-01
   5.7955598e-03  -8.8005132e-02   5.0000000e-01
   5.6800682e-02   2.0140307e-02   5.0000000e-01
   6.3177861e-02   6.1074556e-02   5.0000000e-01
   2.7198034e-02  -1.2663748e-01   5.0000000e-01
   3.4464821e-02   1.3168875e-01   5.0000000e-01
   1.6210665e-02  -4.4557879e-03   5.0000000e-01
   1.0245580e-01  -1.5949978e-01   5.0000000e-01
  -8.6033684e-02   9.7222583e-02   5.0000000e-01
  -6.6561090e-02  -1.1037802e-01   5.0000000e-01
  -1.2331655e-01  -5.2326244e-02   5.0000000e-01
   3.0138994e-02  -5.1651652e-02   5.0000000e-01
  -4.4194539e-02   8.4337547e-02   5.0000000e-01
   3.0878791e-02   8.8646231e-02   5.0000000e-01
  -3.7151791e-02  -7.8795077e-02   5.0000000e-01
   1.6743240e-01  -1.2429307e-01   5.0000000e-01
   1.0745821e-02   2.0767406e-01   5.0000000e-01
  -1.9675168e-01   7.7856957e-02   5.0000000e-01
   4.1318190e-02  -2.0573224e-01   5.0000000e-01
   1.8923203e-01   9.8695370e-02   5.0000000e-01
   1.7276986e-01   1.1671081e-02   5.0000000e-01
   5.7292205e-02  -1.6184493e-01   5.0000000e-01
  -8.0761920e-02  -6.6272212e-02   5.0000000e-01
   8.7994562e-02   1.9017805e-01   5.0000000e-01
  -1.8236250e-01   1.0545813e-03   5.0000000e-01
  -9.4867336e-02  -2.1027516e-02   5.0000000e-01
   1.8445724e-01   5.7615987e-02   5.0000000e-01
   8.4289121e-02  -1.9593504e-01   5.0000000e-01
   2.1228998e-01   2.6681742e-02   5.0000000e-01
  -6.0343240e-02  -1.5459815e-01   5.0000000e-01
  -1.5655544e-01   7.8183112e-02   5.0000000e-01
   1.6449413e-01  -3.4803018e-02   5.0000000e-01
  -1.0902012e-01   2.2918252e-02   5.0000000e-01
   5.1311169e-02   2.0898130e-01   5.0000000e-01
  -9.2563002e-02   1.4213716e-01   5.0000000e-01
  -2.1610735e-02  -1.2412380e-01   5.0000000e-01
  -1.6681851e-01  -4.1026686e-02   5.0000000e-01
  -1.0079980e-02  -4.3532425e-02   5.0000000e-01
   1.4159266e-01   4.4755433e-02   5.0000000e-01
   2.0818243e-01  -1.5780105e-02   5.0000000e-01
  -1.9753638e-01  -7.2387484e-02   5.0000000e-01
   2.0277247e-01  -5.5356890e-02   5.0000000e-01
   7.9625340e-02   1.4797192e-01   5.0000000e-01
   1.0626521e-01   7.5769083e-02   5.0000000e-01
   1.8572644e-02   4.1099771e-02   5.0000000e-01
  -1.5285602e-01  -8.3061136e-02   5.0000000e-01
  -5.2534888e-02  -3.4183960e-02   5.0000000e-01
   7.6816762e-02  -5.2677945e-02   5.0000000e-01
  -2.1031829e-01  -3.0164813e-02   5.0000000e-01
  -1.5495924e-01   3.5368607e-02   5.0000000e-01
  -1.1105074e-01  -9.7287990e-02   5.0000000e-01
   1.6411790e-02  -1.6866601e-01   5.0000000e-01
   1.4813617e-01   8.8657154e-02   5.0000000e-01
   1.0069774e-01  -8.5485811e-02   5.0000000e-01
   4.0904251e-02   1.7142173e-01   5.0000000e-01
  -1.3839968e-01  -8.2224884e-03   5.0000000e-01
  -2.8522289e-02   2.0567678e-01   5.0000000e-01
  -5.0074379e-02   1.6498847e-01   5.0000000e-01
  -1.3318282e-01  -1.6720239e-01   5.0000000e-01
   1.5897873e-01   1.3343785e-01   5.0000000e-01
  -7.8187498e-03   1.1832744e-01   5.0000000e-01
  -4.3246935e-03   1.6355674e-01   5.0000000e-01
   1.2458464e-01   1.6462881e-01   5.0000000e-01
  -1.0596608e-01   1.8215497e-01   5.0000000e-01
   1.3321269e-01  -4.0424768e-04   5.0000000e-01
  -2.0557511e-01   3.5584799e-02   5.0000000e-01
  -6.5259257e-02   1.0535769e-02   5.0000000e-01
   1.1551741e-01   1.2033120e-01   5.0000000e-01
   9.2866013e-02  -1.0190126e-02   5.0000000e-01
  -1.2708265e-01   1.1124438e-01   5.0000000e-01
   7.6306685e-02  -1.2350092e-01   5.0000000e-01
  -1.4466582e-01  -1.2817832e-01   5.0000000e-01
  -1.3968436e-01   1.5307979e-01   5.0000000e-01
   1.4776224e-01  -8.0077597e-02   5.0000000e-01
   5.2315396e-02  -8.9145083e-02   5.0000000e-01
  -2.9779379e-02   4.0297267e-02   5.0000000e-01
   1.2329041e-01  -1.1963006e-01   5.0000000e-01
   1.2121762e-01  -4.4671619e-02   5.0000000e-01
  -1.7233898e-01   1.1891829e-01   5.0000000e-01
  -7.4394354e-02   5.2949237e-02   5.0000000e-01
  -1.8232143e-01  -1.1278276e-01   5.0000000e-01
   5.3294302e-02  -1.9521741e-02   5.0000000e-01
  -9.4086041e-02  -1.8628520e-01   5.0000000e-01
  -1.1724938e-01   6.5286490e-02   5.0000000e-01
  -2.2744651e-02  -1.6828201e-01   5.0000000e-01
   1.8960836e-01  -9.1514091e-02   5.0000000e-01
  -4.7629688e-03  -2.0912142e-01  -5.0000000e-01
   1.4298363e-01  -1.5889183e-01  -5.0000000e-01
  -5.0685003e-02   1.2535600e-01  -5.0000000e-01
  -5.1820343e-02  -2.0145937e-01  -5.0000000e-01
   9.9635268e-02   3.2518359e-02  -5.0000000e-01
   7.2361997e-02   1.0519462e-01  -5.0000000e-01
  -1.0042406e-01  -1.3989955e-01  -5.0000000e-01
  -2.3708536e-02  -9.2771593e-04  -5.0000000e-01
  -6.9493944e-02   2.0100557e-01  -5.0000000e-01
  -5.8500241e-03   7.5111411e-02  -5.0000000e-01
   5.7955598e-03  -8.8005132e-02  -5.0000000e-01
   5.6800682e-02   2.0140307e-02  -5.0000000e-01
   6.3177861e-02   6.1074556e-02  -5.0000000e-01
   2.7198034e-02  -1.2663748e-01  -5.0000000e-01
   3.4464821e-02   1.3168875e-01  -5.0000000e-01
   1.6210665e-02  -4.4557879e-03  -5.0000000e-01
   1.0245580e-01  -1.5949978e-01  -5.0000000e-01
  -8.6033684e-02   9.7222583e-02  -5.0000000e-01
  -6.6561090e-02  -1.1037802e-01  -5.0000000e-01
  -1.2331655e-01  -5.2326244e-02  -5.0000000e-01
   3.0138994e-02  -5.1651652e-02  -5.0000000e-01
  -4.4194539e-02   8.4337547e-02  -5.0000000e-01
   3.0878791e-02   8.8646231e-02  -5.0000000e-01
  -3.7151791e-02  -7.8795077e-02  -5.0000000e-01
   1.6743240e-01  -1.2429307e-01  -5.0000000e-01
   1.0745821e-02   2.0767406e-01  -5.0000000e-01
  -1.9675168e-01   7.7856957e-02  -5.0000000e-01
   4.1318190e-02  -2.0573224e-01  -5.0000000e-01
   1.8923203e-01   9.8695370e-02  -5.0000000e-01
   1.7276986e-01   1.1671081e-02  -5.0000000e-01
   5.7292205e-02  -1.6184493e-01  -5.0000000e-01
  -8.0761920e-02  -6.6272212e-02  -5.0000000e-01
   8.7994562e-02   1.9017805e-01  -5.0000000e-01
  -1.8236250e-01   1.0545813e-03  -5.0000000e-01
  -9.4867336e-02  -2.1027516e-02  -5.0000000e-01
   1.8445724e-01   5.7615987e-02  -5.0000000e-01
   8.4289121e-02  -1.9593504e-01  -5.0000000e-01
   2.1228998e-01   2.6681742e-02  -5.0000000e-01
  -6.0343240e-02  -1.5459815e-01  -5.0000000e-01
  -1.5655544e-01   7.8183112e-02  -5.0000000e-01
   1.6449413e-01  -3.4803018e-02  -5.0000000e-01
  -1.0902012e-01   2.2918252e-02  -5.0000000e-01
   5.1311169e-02   2.0898130e-01  -5.0000000e-01
  -9.2563002e-02   1.4213716e-01  -5.0000000e-01
  -2.1610735e-02  -1.2412380e-01  -5.0000000e-01
  -1.6681851e-01  -4.1026686e-02  -5.0000000e-01
  -1.0079980e-02  -4.3532425e-02  -5.0000000e-01
   1.4159266e-01   4.4755433e-02  -5.0000000e-01
   2.0818243e-01  -1.5780105e-02  -5.0000000e-01
  -1.9753638e-01  -7.2387484e-02  -5.0000000e-01
   2.0277247e-01  -5.5356890e-02  -5.0000000e-01
   7.9625340e-02   1.4797192e-01  -5.0000000e-01
   1.0626521e-01   7.5769083e-02  -5.0000000e-01
   1.8572644e-02   4.1099771e-02  -5.0000000e-01
  -1.5285602e-01  -8.3061136e-02  -5.0000000e-01
  -5.2534888e-02  -3.4183960e-02  -5.0000000e-01
   7.6816762e-02  -5.2677945e-02  -5.0000000e-01
  -2.1031829e-01  -3.0164813e-02  -5.0000000e-01
  -1.5495924e-01   3.5368607e-02  -5.0000000e-01
  -1.1105074e-01  -9.7287990e-02  -5.0000000e-01
   1.6411790e-02  -1.6866601e-01  -5.0000000e-01
   1.4813617e-01   8.8657154e-02  -5.0000000e-01
   1.0069774e-01  -8.5485811e-02  -5.0000000e-01
   4.0904251e-02   1.7142173e-01  -5.0000000e-01
  -1.3839968e-01  -8.2224884e-03  -5.0000000e-01
  -2.8522289e-02   2.0567678e-01  -5.0000000e-01
  -5.0074379e-02   1.6498847e-01  -5.0000000e-01
  -1.3318282e-01  -1.6720239e-01  -5.0000000e-01
   1.5897873e-01   1.3343785e-01  -5.0000000e-01
  -7.8187498e-03   1.1832744e-01  -5.0000000e-01
  -4.3246935e-03   1.6355674e-01  -5.0000000e-01
   1.2458464e-01   1.6462881e-01  -5.0000000e-01
  -1.0596608e-01   1.8215497e-01  -5.0000000e-01
   1.3321269e-01  -4.0424768e-04  -5.0000000e-01
  -2.0557511e-01   3.5584799e-02  -5.0000000e-01
  -6.5259257e-02   1.0535769e-02  -5.0000000e-01
   1.1551741e-01   1.2033120e-01  -5.0000000e-01
   9.2866013e-02  -1.0190126e-02  -5.0000000e-01
  -1.2708265e-01   1.1124438e-01  -5.0000000e-01
   7.6306685e-02  -1.2350092e-01  -5.0000000e-01
  -1.4466582e-01  -1.2817832e-01  -5.0000000e-01
  -1.3968436e-01   1.5307979e-01  -5.0000000e-01
   1.4776224e-01  -8.0077597e-02  -5.0000000e-01
   5.2315396e-02  -8.9145083e-02  -5.0000000e-01
  -2.9779379e-02   4.0297267e-02  -5.0000000e-01
   1.2329041e-01  -1.1963006e-01  -5.0000000e-01
   1.2121762e-01  -4.4671619e-02  -5.0000000e-01
  -1.7233898e-01   1.1891829e-01  -5.0000000e-01
  -7.4394354e-02   5.2949237e-02  -5.0000000e-01
  -1.8232143e-01  -1.1278276e-01  -5.0000000e-01
   5.3294302e-02  -1.9521741e-02  -5.0000000e-01
  -9.4086041e-02  -1.8628520e-01  -5.0000000e-01
  -1.1724938e-01   6.5286490e-02  -5.0000000e-01
  -2.2744651e-02  -1.6828201e-01  -5.0000000e-01
   1.8960836e-01  -9.1514091e-02  -5.0000000e-01
   1.2827696e-01  -2.1458104e-01  -2.6714414e-01
   2.0703525e-01  -1.4012995e-01   3.0375422e-01
   1.5860902e-01   1.9324384e-01   2.2620972e-01
   2.2404121e-01  -1.1093031e-01  -3.8250042e-01
  -1.5123861e-01  -1.9906502e-01  -3.5090479e-01
   2.0196446e-01   1.4734435e-01  -4.6035751e-01
  -3.4473982e-02   2.4761168e-01  -4.6043324e-01
  -2.3979364e-01  -7.0703687e-02  -8.8798044e-02
   2.3764990e-01  -7.7604917e-02   1.8852469e-01
   2.4330254e-01  -5.7479350e-02   2.2647369e-01
   1.7404524e-01   1.7946658e-01  -1.4256937e-02
   2.4048973e-01  -6.8298528e-02  -3.8223629e-01
   2.4647750e-01  -4.1819174e-02   7.6953126e-02
  -2.4417347e-01   5.3659269e-02  -3.3085403e-01
   1.3608349e-01  -2.0971715e-01  -3.8173668e-01
   1.5581284e-01   1.9550540e-01  -4.2027732e-01
  -1.9261490e-01   1.5937220e-01  -3.0789021e-01
   2.0034955e-01  -1.4953280e-01  -3.8178330e-01
   1.1526699e-01  -2.2184121e-01  -3.4237346e-01
   2.3749540e-01  -7.8076482e-02  -1.8816011e-01
  -1.3947841e-01  -2.0747475e-01  -1.9341004e-01
   2.4861980e-01   2.6233495e-02  -2.7300404e-01
   1.3588126e-01  -2.0984824e-01  -3.0648422e-01
   2.4122845e-01  -6.5641714e-02   3.8326523e-01
  -7.7335379e-02  -2.3773775e-01   2.0991015e-01
   5.2090961e-03  -2.4994572e-01   8.4143337e-02
   2.0654040e-02  -2.4914536e-01  -3.0471556e-01
  -1.7175624e-01   1.8165845e-01  -2.3664192e-01
  -1.3650101e-01  -2.0944563e-01  -4.2184539e-01
   1.1929302e-01   2.1970247e-01   4.2343565e-01
  -4.3135052e-02  -2.4625062e-01   1.9203404e-01
   2.4867761e-01   2.5679664e-02   2.0150588e-02
  -4.1412912e-02   2.4654608e-01  -1.7875715e-01
   2.4085986e-01   6.6981558e-02  -3.8113574e-01
   2.2049843e-01   1.1781529e-01   1.3534543e-01
   1.3752770e-01  -2.0877292e-01   4.6060509e-01
  -5.1481346e-02  -2.4464192e-01  -3.2273053e-01
  -1.4369640e-01   2.0457601e-01  -2.1125880e-01
   2.3991545e-01  -7.0289237e-02  -1.0046217e-01
   2.4105208e-01   6.6286477e-02  -4.6072885e-01
  -2.3828063e-01   7.5646147e-02   1.8074028e-01
  -1.9811273e-01   1.5248393e-01  -1.2488472e-01
   1.1135892e-02  -2.4975186e-01   4.6001495e-01
   1.0909212e-01  -2.2494202e-01  -1.3379194e-01
   9.6150445e-02   2.3077065e-01   8.3847676e-02
  -2.4360992e-01   5.6162346e-02  -2.8463894e-01
  -2.3441235e-01   8.6895627e-02  -1.0743756e-01
  -1.2190958e-01  -2.1826143e-01  -3.2911636e-01
  -5.1585850e-02  -2.4461991e-01   2.8776010e-01
   5.3262078e-02  -2.4426042e-01   3.7637865e-01
  -4.5651351e-02   2.4579657e-01  -1.3313015e-01
  -8.3634784e-02  -2.3559546e-01   1.6677031e-01
  -1.0334802e-01  -2.2763828e-01  -2.1055587e-01
   1.5111160e-01   1.9916145e-01   2.1807309e-02
   2.0309575e-01   1.4578105e-01   3.1281687e-01
  -2.4936651e-01  -1.7786094e-02   7.1928957e-02
   2.3837775e-01  -7.5339556e-02  -1.4423874e-01
  -1.7527385e-01   1.7826687e-01  -1.9217961e-01
  -2.1196560e-01  -1.3255408e-01  -2.7776536e-02
   2.7576120e-02   2.4847446e-01  -4.8072685e-02
  -3.6198425e-03  -2.4997379e-01  -1.2580918e-01
  -4.1761435e-02   2.4648729e-01   3.7325472e-03
  -2.4805191e-01  -3.1148848e-02   2.3122802e-01
  -1.0194859e-02  -2.4979204e-01  -8.0358374e-02
   2.0282563e-01  -1.4615664e-01  -1.8361392e-01
   2.3304029e-01  -9.0510906e-02  -3.4438086e-01
  -2.4607036e-01  -4.4151770e-02  -4.6179385e-01
   1.5013949e-01   1.9989530e-01  -1.8805122e-01
   1.1840907e-01   2.2018014e-01  -1.6328990e-01
  -8.0685768e-03   2.4986976e-01   1.3531527e-01
   1.5546062e-01  -1.9578559e-01   4.2054991e-01
  -3.4369791e-02   2.4762616e-01   4.6110592e-01
   1.6214504e-01  -1.9028659e-01  -3.3653319e-02
   4.4967491e-03   2.4995956e-01  -2.4513238e-01
   2.3594058e-01  -8.2656162e-02   2.6493942e-01
  -1.3852330e-01   2.0811366e-01   2.2297296e-01
   6.3213734e-02   2.4187605e-01   2.7690541e-01
  -1.8879205e-02   2.4928613e-01   2.5374293e-01
  -2.1582949e-01  -1.2616509e-01  -3.8792380e-01
  -2.4999977e-01   3.3749166e-04   1.9897623e-01
  -1.4651940e-01   2.0256373e-01   1.5927822e-02
   1.5399537e-01  -1.9694016e-01  -3.4245221e-01
  -2.0461160e-01  -1.4364572e-01  -3.5477497e-01
  -2.3231861e-01  -9.2347527e-02   2.9652088e-01
   2.2315190e-01  -1.1270861e-01  -3.0763770e-01
  -6.6669455e-02   2.4094643e-01  -2.9673787e-01
   3.0465871e-02  -2.4813672e-01   2.0287921e-01
   3.3796070e-02  -2.4770512e-01   4.2014582e-01
  -1.7074389e-01   1.8261031e-01   4.8172167e-02
  -2.2084118e-01  -1.1717155e-01   2.1258197e-01
   2.2560476e-01   1.0771486e-01  -3.8380776e-01
   2.4899843e-01   2.2355840e-02   4.6121235e-01
  -2.3671001e-01  -8.0426199e-02   2.5756257e-02
   6.4115476e-02  -2.4163858e-01   2.3073407e-01
   2.3351257e-01  -8.9285385e-02  -4.2138117e-01
   1.7418945e-01   1.7932662e-01   3.1003266e-01
  -2.2733383e-01  -1.0401600e-01   2.5404127e-01
  -2.3268392e-01   9.1423146e-02  -3.5135667e-01
   2.4953766e-01  -1.5197284e-02   5.0199225e-03
  -1.4703444e-01   2.0219019e-01  -1.6558506e-01
   1.2443185e-01   2.1683338e-01   5.2646934e-02
   7.7471551e-02  -2.3769341e-01  -1.6113660e-01
  -8.7386007e-02   2.3422998e-01  -6.4476168e-02
  -2.4875718e-01  -2.4897047e-02  -3.1438024e-01
   1.2271075e-01   2.1781201e-01  -2.5991717e-01
  -2.1470343e-01  -1.2807201e-01  -4.6126217e-01
  -1.1827913e-02   2.4972004e-01   4.2258460e-01
  -1.2502170e-01  -2.1649382e-01   1.8250408e-01
  -9.6046290e-02  -2.3081402e-01   4.2007714e-01
   6.1502433e-02  -2.4231684e-01  -3.1492930e-01
  -2.4071326e-01   6.7506499e-02   4.2009763e-01
   2.3330099e-01   8.9836783e-02   2.6619993e-01
  -3.0522486e-02   2.4812976e-01   4.8382661e-02
   2.2903784e-01  -1.0020813e-01  -6.9341147e-02
   1.2335763e-01   2.1744630e-01  -2.1796863e-01
   1.2752881e-01  -2.1502652e-01   2.8531197e-01
  -2.4550851e-01  -4.7175973e-02  -2.0078904e-01
   2.4894885e-01  -2.2901264e-02  -4.6075554e-01
   2.4016819e-01   6.9420752e-02   3.0594144e-01
  -2.4009781e-01   6.9663765e-02   1.3700866e-01
   2.0937562e-01   1.3660838e-01   2.0905934e-01
   2.4434282e-01  -5.2882781e-02   1.5111649e-01
   2.4906498e-01  -2.1601715e-02  -3.9915259e-02
   3.7354740e-02  -2.4719349e-01  -1.4317291e-01
   9.2639144e-02  -2.3220247e-01   3.0348283e-01
   1.8625419e-01  -1.6676144e-01  -2.6103016e-01
   2.3345785e-01   8.9428370e-02   3.4378544e-01
  -2.0997864e-01   1.3567966e-01   2.8386067e-01
  -5.0842500e-02   2.4477549e-01   3.4317392e-01
   1.2443489e-01  -2.1683164e-01   2.9183523e-02
  -2.2936038e-01   9.9467661e-02   1.0321412e-01
   2.2513753e-01  -1.0868806e-01   4.6076275e-01
   1.0499323e-01   2.2688416e-01  -7.9238487e-02
  -3.7885253e-02   2.4711274e-01  -3.8476718e-01
   1.3709647e-01   2.0905635e-01   3.8214093e-01
   1.6849054e-01   1.8469146e-01   1.0829574e-01
   2.2252662e-01  -1.1393815e-01  -2.0517195e-01
  -1.8934722e-01  -1.6324102e-01   4.6075443e-01
  -2.3177593e-01  -9.3701218e-02  -2.6081770e-01
   1.4325909e-01   2.0488248e-01   1.3972939e-01
   1.6906576e-01  -1.8416506e-01   1.7461631e-01
  -1.7671172e-01  -1.7684165e-01  -1.3230715e-01
  -1.3289804e-01   2.1175012e-01  -3.4586881e-01
  -2.4885354e-01   2.3914733e-02  -4.2106850e-01
  -1.8862085e-01   1.6407978e-01  -8.5761976e-02
   2.3351330e-01   8.9283469e-02  -3.3894131e-01
   2.6984854e-03   2.4998544e-01   1.7858393e-01
   1.4232373e-01   2.0553335e-01  -9.8490666e-02
   8.0099710e-02   2.3682068e-01   3.5363387e-01
   1.2934991e-02   2.4966515e-01   2.2209058e-01
  -2.2073877e-01   1.1736437e-01   2.3712510e-02
   2.4249950e-01   6.0778205e-02  -3.0411576e-01
   1.8842660e-01  -1.6430282e-01   4.2157563e-01
   2.3500440e-01  -8.5281482e-02  -2.3238883e-01
  -2.4852932e-01   2.7077210e-02   4.2715242e-01
  -2.3185246e-01   9.3511706e-02  -2.6576615e-01
  -1.1837450e-01   2.2019872e-01  -1.3892384e-01
   1.8720543e-01  -1.6569287e-01  -4.2134766e-01
  -1.5509226e-01   1.9607752e-01   1.3620094e-01
   1.8991271e-01   1.6258278e-01  -3.4168067e-01
   7.5890550e-02  -2.3820291e-01  -4.2327731e-01
  -1.9246337e-01   1.5955517e-01   2.4915574e-01
   3.4779305e-02   2.4756898e-01  -1.3056778e-01
  -2.0510357e-01   1.4294238e-01   1.5977029e-01
   2.1982296e-01   1.1907085e-01  -1.0945443e-01
   1.9737464e-01   1.5343811e-01   1.2121446e-01
   2.2489556e-01  -1.0918785e-01  -4.6061975e-01
   2.4634052e-01  -4.2618614e-02   3.4452212e-01
  -2.1284945e-01  -1.3113013e-01   2.8660651e-01
   2.4552066e-01   4.7112685e-02   2.6850769e-01
   2.8612776e-02   2.4835722e-01   3.0871170e-01
  -1.7648873e-01   1.7706419e-01  -1.4815435e-01
   1.4198608e-01  -2.0576674e-01   1.4740008e-01
   2.4984897e-01  -8.6884989e-03   5.0563161e-02
   2.4227490e-01   6.1667441e-02  -8.0070370e-03
   9.8080039e-02   2.2995718e-01  -1.9244271e-01
  -1.6705066e-01  -1.8599483e-01  -2.2093158e-01
  -1.6638265e-02  -2.4944572e-01  -3.4858984e-02
  -1.6174047e-01  -1.9063058e-01  -2.6481091e-01
  -2.4034721e-01   6.8798408e-02   3.0068162e-01
  -2.4607190e-01  -4.4143171e-02   4.6280477e-01
  -9.9479242e-02   2.2935536e-01  -4.2134716e-01
   1.1600655e-02  -2.4973070e-01   3.8651856e-02
   1.1671119e-01   2.2108482e-01  -4.2102604e-01
  -9.1406653e-02  -2.3269040e-01   2.9944760e-01
   9.8580949e-02   2.2974289e-01   4.6193606e-01
  -1.5822091e-01   1.9356173e-01  -3.7853260e-01
  -1.8682124e-01  -1.6612593e-01   3.9055003e-01
   9.7692229e-02  -2.3012220e-01  -4.6135818e-01
   2.2703799e-01   1.0466017e-01   1.7865234e-01
   2.2764568e-01  -1.0333171e-01   3.0419184e-01
   8.6501394e-02  -2.3455811e-01   4.7634851e-02
  -2.4998793e-01   2.4569333e-03   3.5663992e-01
  -2.3325591e-01   8.9953760e-02   3.8401567e-01
  -2.4211909e-01   6.2276384e-02   9.0776415e-02
  -1.1977114e-01   2.1944219e-01  -3.8308521e-01
  -2.4902545e-01   2.2052759e-02  -2.5549123e-01
  -2.4941828e-01   1.7044733e-02  -3.0055280e-01
   1.1788436e-01  -2.2046151e-01  -4.2261259e-01
   7.7197754e-02  -2.3778248e-01  -3.4982230e-01
  -1.6875794e-01  -1.8444717e-01   7.4838907e-02
  -1.7469375e-01   1.7883538e-01   4.1825596e-01
   1.2257984e-01  -2.1788571e-01  -2.2345524e-01
  -2.4830883e-01  -2.9029730e-02  -7.6342005e-02
  -1.5701244e-01   1.9454329e-01   4.5971196e-01
   2.3408536e-01  -8.7772678e-02   4.2197047e-01
   1.9120303e-01  -1.6106335e-01   2.5008345e-01
  -2.3422742e-01  -8.7392888e-02   4.6055465e-01
  -1.5480490e-01  -1.9630446e-01   2.6983677e-01
  -2.2206261e-01  -1.1483988e-01  -1.4555316e-01
   6.6207150e-02   2.4107388e-01   1.1602045e-01
  -1.0890962e-01   2.2503043e-01  -2.3156419e-01
  -2.4009336e-01   6.9679115e-02  -1.9373117e-01
   3.4723144e-02   2.4757686e-01   1.4730196e-01
   1.8954475e-01  -1.6301162e-01  -5.4279585e-02
   7.1249088e-02   2.3963215e-01  -1.0432339e-01
   5.5632463e-02   2.4373147e-01   7.2837392e-02
   1.3171695e-01   2.1248681e-01   2.5939454e-01
   1.2866362e-02   2.4966869e-01   6.1118690e-02
  -2.3717741e-01   7.9037172e-02   1.1509022e-02
  -1.0061301e-01   2.2886027e-01   6.9331452e-02
   2.3798360e-01  -7.6575493e-02   1.0893948e-01
  -1.9275194e-01   1.5920643e-01  -3.5057241e-01
   1.2386742e-01   2.1715631e-01   2.1538143e-01
   2.0216893e-01  -1.4706368e-01   4.6076967e-01
   2.4688691e-01  -3.9330032e-02  -1.7425869e-01
  -2.1417072e-01   1.2896086e-01   4.5961969e-01
   1.9741804e-01   1.5338226e-01  -8.9229843e-02
  -7.6192554e-02   2.3810648e-01   3.8284917e-01
  -2.0975990e-01   1.3601759e-01  -5.3275020e-02
  -2.0351658e-01  -1.4519298e-01  -1.1674525e-01
  -3.1364548e-02   2.4802473e-01  -2.6907919e-01
  -2.0862055e-01  -1.3775873e-01  -3.1600771e-01
  -3.1370008e-02  -2.4802404e-01  -1.9972014e-01
   4.4990914e-02   2.4591831e-01   1.9069540e-01
   1.9444543e-01   1.5713362e-01   2.7709965e-01
  -7.1116005e-02   2.3967168e-01   1.9877553e-01
  -1.1910443e-01   2.1980476e-01  -4.6029397e-01
  -2.0184211e-01   1.4751191e-01   3.2981686e-01
  -2.4773228e-01  -3.3596391e-02   3.8805690e-01
   2.2808537e-01   1.0235752e-01   2.2188935e-01
  -1.2635128e-02   2.4968050e-01  -4.2116397e-01
   1.1567416e-01  -2.2162917e-01  -1.7895480e-01
   2.4956294e-01  -1.4776321e-02   2.2695651e-01
   2.2949798e-01  -9.9149765e-02   2.2496300e-01
  -2.5104600e-02  -2.4873632e-01  -2.4550702e-01
  -2.4227965e-01   6.1648756e-02  -2.3856365e-01
  -2.2725751e-01  -1.0418266e-01   1.4081106e-01
  -9.2881309e-03   2.4982740e-01  -2.4079179e-02
  -2.4787983e-01   3.2489850e-02   1.2448866e-01
   2.4027366e-01  -6.9054834e-02  -3.0578423e-01
  -2.4257238e-01  -6.0486685e-02  -2.9034441e-01
  -2.4928085e-01  -1.8948802e-02   2.7408799e-01
   2.1326260e-02   2.4908872e-01   2.6631755e-01
  -2.4544167e-01   4.7522477e-02   4.6245917e-01
  -1.8722583e-01  -1.6566982e-01  -3.8437102e-01
  -9.0545850e-02  -2.3302671e-01  -3.0138675e-01
  -1.8881973e-01   1.6385087e-01  -3.8811898e-01
  -1.3754701e-01   2.0876020e-01   5.9033731e-02
   2.4882778e-01  -2.4181303e-02  -2.9959671e-01
   2.4890967e-01   2.3323259e-02   3.8371099e-01
   1.7232191e-01  -1.8112195e-01  -4.6068910e-01
   2.0181389e-01  -1.4755051e-01  -4.6070147e-01
   1.1868315e-01  -2.2003252e-01   7.4112853e-02
   2.1487119e-01   1.2779034e-01   2.5620585e-01
  -5.3052536e-03   2.4994370e-01  -1.5383599e-01
  -1.3565594e-01   2.0999397e-01  -3.0298091e-01
  -1.0954678e-01  -2.2472094e-01  -1.6534315e-01
   1.6900504e-01   1.8422078e-01  -3.7522925e-01
  -5.7102666e-02  -2.4339122e-01  -1.7674907e-02
   2.2533439e-01   1.0827933e-01   3.8469480e-01
  -1.0798125e-01  -2.2547738e-01   9.0998260e-02
  -2.4999786e-01   1.0352654e-03  -3.8556488e-01
   7.0916439e-02  -2.3973080e-01  -1.1564205e-01
  -5.5693118e-02  -2.4371762e-01  -4.2056876e-01
   2.1358511e-01  -1.2992845e-01   6.7029915e-03
   1.7740958e-01  -1.7614154e-01  -1.6782836e-01
  -1.1953782e-01   2.1956937e-01   4.6033266e-01
  -2.0180113e-02  -2.4918419e-01   3.1967499e-01
   1.0491551e-01   2.2692011e-01  -3.4648946e-02
   2.4906985e-01  -2.1545523e-02   3.8364957e-01
   7.6265124e-03  -2.4988365e-01  -3.8182007e-01
  -2.4974280e-01   1.1337291e-02  -9.0405569e-02
  -2.3350422e-01   8.9307219e-02   4.5979309e-01
   2.1456490e-01  -1.2830394e-01   4.2123808e-01
  -1.6329619e-01  -1.8929964e-01   1.9270434e-01
  -2.0442648e-01  -1.4390905e-01   1.3152396e-01
   2.0582443e-01  -1.4190245e-01  -2.2901996e-01
   7.5759216e-02  -2.3824471e-01   4.1957299e-01
  -2.2571037e-01  -1.0749340e-01  -3.4659504e-01
   9.4849386e-02   2.3130844e-01   2.4794869e-01
   2.3951251e-02   2.4885003e-01   1.0412304e-01
   1.8924335e-01  -1.6336142e-01   3.3993734e-01
   2.4444335e-01   5.2416126e-02  -5.3405731e-02
  -2.4965643e-01   1.3102139e-02   2.4304712e-01
   1.1709850e-01   2.2087993e-01   3.3983978e-01
   2.4592500e-01  -4.4954370e-02  -2.1972479e-01
  -6.9795815e-02  -2.4005946e-01   7.4190210e-02
  -2.4999265e-01   1.9176436e-03   4.6346720e-01
  -2.4715390e-01   3.7615826e-02   5.5841490e-04
   2.2450723e-01   1.0998411e-01  -1.9896321e-01
  -7.6670259e-02  -2.3795309e-01   1.2054455e-01
   2.3794887e-01   7.6683356e-02  -1.7103723e-01
   2.4096276e-01   6.6610419e-02   2.2985604e-01
  -2.4180209e-01  -6.3496047e-02  -4.7085640e-02
   2.1774605e-01   1.2282776e-01  -6.5858300e-02
   1.0198548e-01  -2.2825197e-01   2.1166471e-01
   9.7648622e-02  -2.3014071e-01   4.6006606e-01
  -3.7861819e-02  -2.4711633e-01  -1.5414551e-01
   1.5482835e-01   1.9628597e-01   3.4517030e-01
  -1.1989979e-01  -2.1937192e-01   2.6460959e-01
  -2.4925819e-01  -1.9244575e-02   4.2766943e-01
   2.4079174e-01  -6.7226038e-02  -4.6075982e-01
  -1.4505836e-01  -2.0361256e-01  -1.4858088e-01
   1.0723366e-01  -2.2583388e-01   1.6591128e-01
  -2.2889268e-01   1.0053925e-01  -2.2113744e-01
  -2.1492265e-01   1.2770378e-01  -2.4630726e-01
   1.3262312e-01  -2.1192241e-01   2.3885398e-01
   2.3796714e-01   7.6626618e-02   1.4555707e-01
   1.5980800e-01   1.9225348e-01   6.5118940e-02
   1.3413722e-01   2.1096731e-01   9.6301723e-02
  -1.7249088e-01   1.8096103e-01  -4.2234946e-01
   1.5121329e-01  -1.9908426e-01  -1.9696622e-01
   1.3319282e-01  -2.1156482e-01  -6.0544474e-02
   2.2920416e-01   9.9827110e-02  -2.9119463e-01
  -1.9939412e-01   1.5080446e-01   2.0433067e-01
  -2.4987900e-01  -7.7772256e-03   3.1618184e-01
  -2.0026778e-01   1.4964229e-01  -2.1478985e-01
  -1.1030394e-01  -2.2435027e-01   2.2222164e-01
  -1.8150674e-01  -1.7191655e-01  -3.3712259e-01
  -9.7571217e-02   2.3017354e-01   3.4750937e-01
  -2.1529657e-01   1.2707236e-01  -3.3358019e-01
   2.4990410e-01  -6.9240130e-03   1.4678681e-01
   2.4992555e-01   6.1009070e-03  -1.1432584e-01
   1.4087024e-01   2.0653226e-01   3.0338770e-01
   1.9542362e-01   1.5591539e-01  -4.3870763e-02
  -1.7811917e-01   1.7542395e-01   3.4735497e-03
   5.6256846e-02   2.4358811e-01   3.8835599e-01
  -2.4729889e-01   3.6650479e-02  -1.6513075e-01
  -1.1922489e-01   2.1973945e-01  -1.4899877e-02
   2.4094796e-01  -6.6663920e-02   4.6106000e-01
   2.1367059e-01  -1.2978782e-01  -4.2131380e-01
   2.4103411e-01   6.6351785e-02   4.6139985e-01
  -1.9333045e-02  -2.4925135e-01  -2.9174971e-01
  -3.9874903e-02   2.4679950e-01   1.6689955e-01
  -2.3318497e-01   9.0137513e-02   5.7011967e-02
  -2.3362693e-01  -8.8985711e-02   1.8076104e-01
   2.2289758e-01  -1.1321074e-01  -1.6070606e-01
  -2.1559908e-01   1.2655843e-01   6.9417963e-02
   2.4685794e-01  -3.9511497e-02   2.6615113e-01
  -7.8105608e-02   2.3748582e-01  -4.6098326e-01
  -9.9088323e-02  -2.2952452e-01  -4.2070970e-01
  -1.5546070e-01  -1.9578552e-01   4.6208355e-01
  -2.4260680e-01  -6.0348510e-02   1.4778067e-01
  -5.8368819e-02  -2.4309068e-01  -2.7479290e-01
  -8.4084833e-02  -2.3543522e-01  -9.1651844e-02
   9.5770274e-02   2.3092868e-01  -3.7744447e-01
   1.5522416e-01   1.9597311e-01  -2.3500448e-01
   2.4974369e-01  -1.1317545e-02  -2.5197634e-01
   7.5787481e-02   2.3823572e-01  -1.5073756e-01
   2.4909065e-01   2.1303729e-02  -3.8257521e-01
  -2.4768056e-01  -3.3975584e-02  -1.1551021e-01
   1.5488792e-01  -1.9623897e-01  -4.2124363e-01
  -1.1718261e-01  -2.2083531e-01   3.8313308e-01
   5.8283698e-02   2.4311111e-01  -3.4988349e-01
  -1.1986999e-01   2.1938821e-01   3.8340017e-01
  -2.4400840e-01   5.4404957e-02  -7.6406715e-02
   2.4573414e-01  -4.5986236e-02  -4.2175290e-01
   1.0984663e-01   2.2457453e-01  -1.2260115e-01
   1.6070193e-01  -1.9150689e-01   2.6428343e-01
  -1.6466367e-01  -1.8811134e-01   3.1109620e-01
  -1.6288560e-01   1.8965305e-01   9.2241367e-02
   7.6311235e-02   2.3806847e-01   1.5955848e-01
  -2.1711344e-01   1.2394255e-01   3.6421061e-01
  -2.4128039e-01   6.5450547e-02  -4.2230185e-01
   1.8063373e-01   1.7283360e-01  -2.0688152e-01
  -2.3413832e-01  -8.7631322e-02  -4.6208715e-01
   1.1970762e-02   2.4971324e-01  -2.8868825e-01
  -1.7144657e-01   1.8195075e-01   2.1431554e-01
  -1.9547328e-01  -1.5585313e-01   2.0300147e-01
  -3.2208501e-02   2.4791654e-01   3.8248721e-01
  -6.1163249e-02   2.4240268e-01   7.9816416e-02
  -2.0219102e-01  -1.4703330e-01  -4.2310740e-01
  -5.6023541e-02   2.4364187e-01   4.2173355e-01
   1.5584650e-01  -1.9547856e-01   3.0870044e-01
   2.4445134e-01  -5.2378853e-02  -2.6413709e-01
  -6.3298166e-02  -2.4185397e-01   2.8078323e-02
  -1.3967096e-01   2.0734518e-01   4.2071941e-01
  -2.1305096e-01  -1.3080247e-01   1.7211955e-01
   2.1501568e-01   1.2754708e-01   3.4709811e-01
   2.1135036e-01  -1.3353286e-01  -8.1797579e-02
   1.9144974e-01  -1.6077001e-01  -9.9223542e-02
   1.5396715e-01  -1.9696222e-01   5.4878325e-02
   3.8795204e-02   2.4697152e-01  -2.2133520e-01
  -1.7658934e-01  -1.7696385e-01   2.3534233e-01
   2.4921554e-01   1.9789243e-02  -2.4093175e-02
  -2.2574882e-01   1.0741262e-01   1.4856120e-01
  -1.1295157e-01   2.2302902e-01  -1.8524758e-01
   1.2845692e-01   2.1447336e-01  -3.4715681e-01
   1.4199940e-01   2.0575755e-01  -1.9013503e-02
  -2.0188720e-01   1.4745018e-01  -1.7000028e-01
   2.2379255e-01   1.1143111e-01   3.0267347e-01
  -2.0515335e-01  -1.4287094e-01   2.4459815e-01
  -2.4787455e-01   3.2530116e-02   1.6742805e-01
  -7.7879167e-02  -2.3756017e-01  -3.8469115e-01
  -7.7318283e-02  -2.3774331e-01  -4.6014267e-01
  -1.6454540e-01  -1.8821480e-01   2.9458440e-02
   2.4808850e-01   3.0856037e-02  -2.3121874e-01
   2.4594319e-01   4.4854720e-02   4.2241816e-01
  -7.8106389e-02   2.3748556e-01   4.6069025e-01
  -2.4674343e-01  -4.0220378e-02  -1.5729673e-01
  -1.2976099e-01  -2.1368689e-01   3.0618166e-01
  -2.0301801e-01   1.4588931e-01   4.1676726e-01
   1.4709581e-01  -2.0214555e-01   1.0146906e-01
   9.2044723e-03  -2.4983050e-01   3.8454095e-01
   2.4601297e-01  -4.4470420e-02   4.2231169e-01
  -2.3051113e-01  -9.6770952e-02   6.3728650e-02
  -1.0126053e-01   2.2857451e-01   2.3106236e-01
   1.8208225e-01   1.7130690e-01   3.2376434e-02
  -1.8831263e-01  -1.6443343e-01  -4.6201848e-01
   6.4666965e-02  -2.4149158e-01  -7.0072826e-02
  -2.1036163e-01   1.3508510e-01   1.1488098e-01
   2.1693027e-01   1.2426286e-01  -2.3383219e-02
  -4.9148371e-02   2.4512127e-01  -8.8202047e-02
   1.3800909e-01   2.0845501e-01   4.6166345e-01
  -4.9519292e-02   2.4504661e-01   2.8422046e-01
  -2.3715554e-01   7.9102772e-02   3.4414735e-01
  -2.4998443e-01   2.7897849e-03  -1.3664596e-01
  -2.4473013e-01   5.1060413e-02   4.4959757e-02
   2.0251900e-01  -1.4658123e-01   3.8117943e-01
  -2.4191007e-01  -6.3083431e-02   4.2347045e-01
   2.1882699e-01  -1.2089147e-01   1.8282651e-01
  -1.9158726e-01  -1.6060610e-01  -2.4856301e-01
   2.3247934e-01  -9.1942126e-02   1.4952668e-01
   1.0824237e-02   2.4976556e-01  -3.8150205e-01
  -4.4421023e-02  -2.4602189e-01  -1.0864505e-01
  -5.0515685e-02   2.4484314e-01   1.2361021e-01
  -1.3622880e-01  -2.0962279e-01   4.2350619e-01
  -6.1457605e-02  -2.4232821e-01   3.3357211e-01
   2.3302968e-01   9.0538218e-02  -3.6798152e-02
  -1.2796036e-02   2.4967231e-01   2.9998306e-01
   3.1792832e-02   2.4797019e-01  -8.7729138e-02
  -1.1708873e-01  -2.2088510e-01   4.6081565e-01
   1.7252298e-01  -1.8093043e-01   4.6038585e-01
  -1.3805039e-01   2.0842766e-01   3.4375955e-01
   8.4382212e-02  -2.3532880e-01  -2.0636926e-01
  -9.0293872e-02  -2.3312447e-01  -4.6308958e-02
   2.4938970e-01   1.7457902e-02  -3.1069189e-01
  -1.8648391e-01  -1.6650451e-01   2.7734336e-01
  -1.9144549e-01   1.6077507e-01   3.7562249e-01
   2.2560617e-01  -1.0771191e-01   3.8274216e-01
   2.4500830e-01  -4.9708495e-02   3.3248506e-02
  -2.4889915e-01   2.3435280e-02   7.9456956e-02
  -2.1506578e-01   1.2746258e-01  -2.8969381e-01
  -2.4550326e-01   4.7203279e-02   3.7678196e-01
   5.8540048e-02  -2.4304951e-01  -2.4592500e-02
  -1.0452853e-01   2.2709863e-01  -2.7831566e-01
   9.8069510e-02  -2.2996167e-01   3.8391781e-01
  -2.4350283e-01   5.6624818e-02   2.5628241e-01
   2.4999342e-01   1.8138451e-03   3.4509928e-01
   6.5352400e-02   2.4130699e-01  -1.9489662e-01
  -4.5657933e-03  -2.4995830e-01   1.7467156e-01
  -2.4996624e-01  -4.1086562e-03   1.1432143e-01
   1.3550527e-01   2.1009122e-01  -3.8564175e-01
  -1.2507796e-01   2.1646132e-01  -5.4427555e-02
  -1.9584342e-01  -1.5538776e-01  -2.0474763e-01
   8.5789466e-02   2.3481944e-01   2.0353334e-01
   9.4029912e-03  -2.4982310e-01  -2.1627944e-01
   3.2989399e-02   2.4781384e-01   4.2422934e-01
   2.1586378e-01  -1.2610642e-01   3.4348697e-01
  -4.9759203e-02   2.4499800e-01  -4.2449941e-02
   1.7967334e-02  -2.4935351e-01  -6.8376356e-03
   1.1536932e-01   2.2178801e-01   1.7148749e-01
  -7.6623831e-02   2.3796804e-01   3.1273221e-01
   2.1464699e-01   1.2816658e-01   8.9746372e-02
  -2.1322737e-01  -1.3051470e-01   5.7087911e-02
  -7.7706970e-02  -2.3761655e-01  -1.3705929e-01
  -2.3162582e-01  -9.4071668e-02  -1.5369493e-02
  -2.1646933e-01   1.2506409e-01   2.3806809e-01
  -1.5471729e-01  -1.9637353e-01   3.8719298e-01
  -1.4391401e-01  -2.0442299e-01   2.2691168e-01
  -1.1804096e-01  -2.2037770e-01  -4.6103178e-01
  -1.7579413e-01  -1.7775383e-01   1.1974270e-01
   2.4363226e-01  -5.6065342e-02  -1.0987592e-02
   6.8216909e-02   2.4051290e-01  -5.6277989e-02
  -3.6855894e-02  -2.4726836e-01  -3.7620286e-01
  -6.3740965e-03   2.4991873e-01   3.4297145e-01
   1.7411568e-01   1.7939825e-01  -1.1423259e-01
  -2.1601724e-01  -1.2584337e-01  -2.3224824e-01
  -2.3726972e-01   7.8759623e-02  -1.5122341e-01
  -2.4587772e-01   4.5212254e-02  -1.2078238e-01
  -1.3210382e-01  -2.1224651e-01   1.4769183e-02
   4.0395005e-02  -2.4671490e-01   1.1125517e-01
  -1.5421880e-01   1.9676525e-01  -1.1821612e-01
  -1.1562180e-01  -2.2165649e-01  -1.2015674e-01
  -2.2578552e-01   1.0733544e-01  -2.1114367e-02
   1.6619877e-01  -1.8675644e-01   2.2064025e-01
   1.1823243e-01  -2.2027504e-01   4.2161627e-01
  -2.9202690e-02   2.4828855e-01   2.1005171e-01
  -1.8146122e-01  -1.7196460e-01  -8.7656224e-02
  -1.9514174e-01  -1.5626804e-01   3.1877917e-01
  -2.4585176e-01  -4.5353205e-02  -3.8762885e-01
   1.3744002e-01  -2.0883065e-01  -4.6105729e-01
  -1.8539585e-02   2.4931162e-01  -3.5103538e-01
  -9.9340883e-02   2.2941532e-01  -3.2605721e-01
   1.7733242e-01   1.7621922e-01  -1.6112700e-01
   2.1325566e-01  -1.3046847e-01  -2.6712629e-01
  -1.5529201e-01  -1.9591935e-01  -4.6131463e-01
  -2.4752822e-01  -3.5068247e-02   3.1131295e-02
  -1.7288396e-01  -1.8058554e-01  -4.2460913e-01
  -2.4077908e-01  -6.7271348e-02  -3.3696926e-01
  -1.4340653e-01  -2.0477931e-01   1.0610689e-01
  -2.3576275e-01  -8.3162048e-02   3.4033069e-01
  -7.6010374e-02  -2.3816470e-01   4.5931484e-01
  -2.4301285e-01  -5.8692050e-02   6.7224422e-02
   2.4898693e-01  -2.2483469e-02   4.6117637e-01
   4.5114999e-02   2.4589558e-01   3.0169420e-02
   2.0119316e-01   1.4839580e-01   2.5471131e-03
   2.0349569e-01   1.4522226e-01  -1.8028047e-01
   2.3471962e-01   8.6062191e-02  -8.1854036e-02
  -2.0443375e-01   1.4389872e-01  -9.1718314e-03
  -2.3426251e-01   8.7298766e-02  -3.8871194e-01
  -1.5845246e-01   1.9337223e-01   3.8021422e-01
   5.3395641e-02  -2.4423125e-01  -3.8572078e-01
  -1.6158059e-01  -1.9076612e-01  -1.4199340e-02
   1.9131474e-02  -2.4926690e-01   2.9740956e-01
   2.2420051e-01  -1.1060801e-01  -1.1636503e-01
   2.4751482e-01  -3.5162688e-02   1.1585503e-01
   7.1164694e-02   2.3965723e-01   3.1706395e-01
   1.7208842e-01   1.8134380e-01   3.8474949e-01
  -5.3872997e-02  -2.4412640e-01   4.1711463e-01
   2.1178554e-01   1.3284158e-01  -3.1267453e-01
  -2.4833875e-01   2.8772677e-02  -2.1007507e-01
  -2.3845760e-01  -7.5086444e-02   3.8257187e-01
   1.7336033e-01  -1.8012828e-01   1.2943358e-01
  -2.4995316e-01  -4.8391432e-03  -3.1785073e-03
  -1.8541428e-01   1.6769480e-01   1.2590759e-01
  -1.0250478e-01  -2.2801923e-01   3.4196929e-01
  -2.3049510e-02  -2.4893517e-01   1.0756055e-02
  -2.4968970e-01  -1.2452147e-02  -2.2712745e-01
  -1.5441463e-01   1.9661160e-01  -2.8178997e-02
   1.3804034e-01   2.0843432e-01  -5.7811870e-02
  -2.0454013e-01  -1.4374747e-01   4.2014366e-01
  -1.9089147e-02   2.4927014e-01   9.1967021e-02
   2.4846379e-01   2.7672110e-02   2.2748768e-01
   2.5240898e-02  -2.4872253e-01   2.4999184e-01
  -7.3468282e-03   2.4989202e-01  -1.1038004e-01
  -2.4106319e-01   6.6246041e-02  -3.2709045e-02
  -1.0163048e-01  -2.2841026e-01   4.4735584e-02
  -1.6708504e-01   1.8596394e-01  -2.8404089e-01
  -3.6176863e-02  -2.4736862e-01   1.0230269e-01
  -1.7869068e-01   1.7484176e-01   1.7024628e-01
  -5.0894188e-02  -2.4476475e-01  -6.3170011e-02
  -3.0961116e-02  -2.4807541e-01   3.6742493e-01
  -2.3457520e-01   8.6455051e-02   2.2537307e-01
   2.4648410e-01   4.1780224e-02  -1.4279674e-01
  -8.1582629e-02   2.3631393e-01  -1.2187435e-02
  -2.1573728e-01   1.2632271e-01  -9.4733567e-02
  -6.0497238e-02   2.4256975e-01   2.4126183e-01
   5.4292550e-02   2.4403344e-01   2.3430315e-01
   1.3856914e-01  -2.0808314e-01  -1.0687433e-01
  -2.2186419e-01   1.1522275e-01   1.9302397e-01
   1.7380975e-01  -1.7969466e-01   3.8303147e-01
  -1.8401825e-01   1.6922554e-01   2.9403955e-01
   5.8786662e-02  -2.4298998e-01   2.7755583e-01
  -1.6534394e-01   1.8751368e-01  -3.3120767e-01
   1.4465830e-01  -2.0389698e-01  -1.5223094e-01
   3.5274472e-02  -2.4749891e-01   1.5667002e-01
  -1.8386412e-01   1.6939299e-01  -4.1974848e-02
   3.1584635e-02   2.4799680e-01  -4.2337227e-01
   9.1139910e-02  -2.3279501e-01  -2.5150975e-01
   2.4207872e-01  -6.2433130e-02   3.0489730e-01
  -1.5587650e-01   1.9545464e-01  -4.6097653e-01
  -1.4092939e-01  -2.0649190e-01   3.4695134e-01
  -2.1507983e-01   1.2743887e-01  -3.7960661e-01
   1.3770810e-01  -2.0865397e-01   1.9353734e-01
   5.2545725e-02  -2.4441552e-01   2.0696409e-02
   8.9007515e-02   2.3361863e-01  -2.8280570e-01
   1.7715131e-01  -1.7640129e-01   8.2803400e-02
   2.4880181e-01  -2.4447115e-02  -3.8292120e-01
  -2.4599282e-01  -4.4581745e-02   1.8883540e-01
   1.9714910e-01  -1.5372779e-01   1.5764711e-01
  -2.2590355e-01  -1.0708681e-01  -4.2328313e-01
   1.3749898e-01   2.0879183e-01  -4.5996176e-01
   5.3709512e-02   2.4416242e-01  -3.0663162e-01
  -2.1463956e-01   1.2817901e-01  -4.6165159e-01
   2.4341428e-02  -2.4881217e-01  -5.2334446e-02
   1.2404541e-01  -2.1705468e-01   3.3417032e-01
   1.1240347e-01  -2.2330575e-01   1.1991729e-01
  -7.1577708e-02   2.3953420e-01   3.4824601e-02
  -2.4464894e-01  -5.1448008e-02   3.0622774e-01
   2.2514406e-01   1.0867452e-01  -4.6058690e-01
   2.0229532e-01   1.4688977e-01   3.8541914e-01
   1.8696646e-01   1.6596247e-01  -4.2090473e-01
  -9.5936874e-02  -2.3085952e-01  -1.0109845e-03
  -2.4963115e-01   1.3575370e-02  -3.4385109e-01
   7.4386112e-02   2.3867699e-01  -6.5040003e-03
  -2.4999842e-01   8.8783441e-04  -4.6110438e-01
   1.6516611e-01   1.8767034e-01   2.6853092e-01
   2.4564085e-01   4.6481962e-02   3.4490313e-01
   1.3646618e-01  -2.0946833e-01   3.8050962e-01
  -2.1535516e-01  -1.2697305e-01   4.5978105e-01
   2.3614164e-01  -8.2079998e-02   6.3871538e-02
  -7.1268449e-02  -2.3962639e-01  -1.8256228e-01
  -2.3491806e-01  -8.5519043e-02  -3.8204140e-01
   1.5944837e-01  -1.9255186e-01   1.0767535e-02
   1.9934057e-01  -1.5087524e-01   1.1133179e-01
   2.4996598e-01   4.1239759e-03   2.6694366e-01
   2.4999849e-01  -8.6829502e-04  -4.2158006e-01
   1.9316220e-01  -1.5870843e-01   2.0082621e-01
  -1.9621467e-01  -1.5491870e-01   8.8925429e-02
   2.4567077e-01  -4.6323563e-02  -3.4224336e-01
  -2.2688449e-01  -1.0499251e-01   4.1918651e-01
  -2.4982532e-01   9.3438267e-03   3.6920901e-02
   1.0309156e-01  -2.2775454e-01  -8.8133295e-02
   7.8028196e-02   2.3751126e-01   4.2434716e-01
  -2.4962106e-01  -1.3759619e-02   1.5570427e-01
   2.3072582e-01  -9.6257957e-02  -2.4359307e-02
  -2.1915799e-01  -1.2029038e-01   3.2956423e-01
   1.8624121e-01  -1.6677594e-01   3.5742197e-02
  -2.9563414e-02  -2.4824586e-01   5.6511019e-02
  -1.8526580e-01  -1.6785882e-01   1.6197280e-01
  -1.1195926e-02   2.4974918e-01  -6.7655117e-02
  -9.7001788e-02  -2.3041409e-01  -2.5590496e-01
   2.2823508e-01   1.0202328e-01   5.7780548e-02
  -1.7471839e-01  -1.7881131e-01   3.5131563e-01
  -1.2163485e-01  -2.1841466e-01  -7.4990204e-02
  -1.3713705e-02  -2.4962359e-01  -4.1943754e-01
   2.1235216e-01  -1.3193392e-01  -3.7242875e-02
   2.4995445e-01  -4.7722375e-03  -2.0497922e-01
   3.0782777e-02  -2.4809760e-01  -9.7797410e-02
  -2.0319789e-01  -1.4563865e-01   3.6065632e-01
   2.0204208e-01  -1.4723789e-01  -1.3838700e-01
  -2.3820300e-01  -7.5890245e-02  -1.3087395e-01
   2.4999815e-01   9.6271874e-04  -1.5924937e-01
   1.9988610e-01   1.5015174e-01  -3.8397319e-01
   1.6880233e-01  -1.8440655e-01  -2.9837192e-01
  -2.4574519e-01   4.5927144e-02  -3.7792947e-01
   1.6455191e-01  -1.8820911e-01  -7.9436876e-02
   4.8599471e-02   2.4523069e-01  -2.6303528e-01
  -2.3410032e-01  -8.7732774e-02  -2.1707879e-01
  -1.5609893e-01  -1.9527704e-01  -5.8776247e-02
   2.4602830e-01   4.4385524e-02  -4.2091231e-01
  -1.9176599e-01  -1.6039265e-01   4.3762781e-02
  -1.4709825e-01   2.0214378e-01   1.7981769e-01
   2.4078660e-01   6.7244425e-02  -2.6004150e-01
  -2.4869649e-01   2.5496197e-02   2.8710399e-01
   7.7325216e-02   2.3774106e-01  -4.2163572e-01
   1.7035930e-01   1.8296914e-01  -6.7068871e-02
   5.5343929e-02   2.4379715e-01  -4.6087016e-01
   1.2655539e-01   2.1560087e-01  -3.0378857e-01
   9.8054420e-02   2.2996811e-01  -4.6104928e-01
   2.4604006e-01   4.4320296e-02  -3.4486740e-01
  -1.5639203e-01  -1.9504239e-01  -3.0830080e-01
  -3.6545204e-02   2.4731447e-01  -2.2437127e-01
  -2.4928204e-01  -1.8933156e-02  -2.7161335e-01
  -8.6130188e-02  -2.3469468e-01  -3.4606088e-01
  -2.4643675e-01  -4.2058658e-02   1.0985683e-01
  -2.2266275e-01  -1.1367189e-01   3.7601846e-01
  -2.2449068e-01   1.1001788e-01   4.1993631e-01
   1.6023597e-01   1.9189694e-01  -3.2732173e-01
  -2.4919591e-01  -2.0034892e-02  -3.9396476e-02
   1.8095323e-01  -1.7249907e-01  -2.1394220e-01
   1.8942731e-01  -1.6314808e-01  -9.2239177e-03
  -8.5797658e-04   2.4999853e-01  -1.9947201e-01
   5.3561100e-02   2.4419502e-01  -3.8800921e-01
  -2.2472179e-01  -1.0954504e-01  -1.0217724e-01
  -1.8678231e-01  -1.6616970e-01  -2.9230252e-01
  -2.2491070e-01   1.0915666e-01  -4.2258783e-01
   5.5488885e-02   2.4376420e-01   4.6190550e-01
   2.4208704e-01  -6.2400859e-02  -5.4987392e-02
   2.3411104e-01   8.7704168e-02   4.2293963e-01
   1.8950590e-01   1.6305678e-01   2.3704000e-01
   1.7239279e-01   1.8105448e-01  -4.6064778e-01
   1.5116314e-01   1.9912234e-01   1.8309585e-01
  -1.5181049e-01  -1.9862924e-01   1.5073902e-01
  -2.1945052e-01  -1.1975588e-01   9.9780326e-02
   2.4816590e-01   3.0227250e-02   6.4789763e-02
   1.9906962e-01  -1.5123256e-01  -3.0297580e-01
  -1.3486164e-02  -2.4963598e-01   2.6976507e-01
   1.5467693e-02  -2.4952104e-01  -2.6095221e-01
   2.3633355e-01   8.1525769e-02  -1.2641063e-01
   1.5863745e-01  -1.9322050e-01   3.4785825e-01
   2.3487931e-01  -8.5625395e-02   3.4399532e-01
   2.4828560e-01  -2.9227776e-02  -8.5063756e-02
   1.5708710e-01  -1.9448302e-01  -2.4407788e-01
   7.4780686e-02  -2.3855366e-01   1.3842670e-01
  -2.4648672e-01  -4.1764775e-02   3.4784078e-01
   1.0048779e-01   2.2891528e-01   3.8598493e-01
  -1.9206281e-01   1.6003712e-01   8.1247009e-02
   1.4764344e-01   2.0174592e-01  -1.4144302e-01
   2.4927391e-01  -1.9039890e-02   3.0581290e-01
   2.3346122e-01  -8.9419575e-02   1.8273980e-02
  -9.9176637e-02   2.2948637e-01   4.2142174e-01
  -8.0970875e-02   2.3652424e-01  -3.7969471e-01
  -1.0952761e-01   2.2473029e-01   2.5903524e-02
  -2.4603354e-01   4.4356470e-02   2.1170812e-01
  -1.2751584e-01  -2.1503421e-01  -2.8333094e-01
   2.4732377e-01   3.6482220e-02  -1.8729736e-01
   1.8531891e-01  -1.6780019e-01  -3.4085174e-01
  -2.3628602e-01  -8.1663436e-02  -1.7363922e-01
   1.7090696e-01  -1.8245770e-01  -1.2568424e-01
  -1.2892377e-01   2.1419305e-01   1.0260802e-01
  -2.3407508e-01   8.7800105e-02  -4.6086889e-01
   2.4087336e-01   6.6932970e-02   7.5276530e-02
   8.4316250e-02   2.3535244e-01  -2.3685860e-01
  -1.3362282e-01  -2.1129350e-01  -2.3823996e-01
  -1.3986301e-01   2.0721568e-01  -2.5702828e-01
   1.7111785e-01  -1.8225993e-01  -3.8170482e-01
   1.7272893e-01   1.8073383e-01   4.6132731e-01
   2.4999988e-01   2.4797123e-04   4.2243584e-01
  -2.4210733e-01  -6.2322057e-02   2.6362152e-01
  -4.5391199e-02  -2.4584475e-01   2.3998520e-01
   2.4997720e-01  -3.3762097e-03  -3.4463231e-01
  -8.0773374e-02   2.3659176e-01  -1.5822003e-01
  -1.9372413e-01   1.5802203e-01  -2.6277619e-01
  -2.4595967e-01   4.4764275e-02  -4.6127398e-01
   4.4042581e-02  -2.4608992e-01  -1.8821670e-01
   9.6828388e-02  -2.3048701e-01   2.5759762e-01
   1.7628343e-01   1.7726859e-01   1.5199143e-01
   1.1376469e-01   2.2261535e-01   9.3261781e-03
  -1.5804788e-01   1.9370304e-01  -7.3890384e-02
   2.3948795e-01   7.1732298e-02  -2.1567309e-01
  -2.4474408e-01  -5.0993500e-02  -7.0897161e-03
  -1.2881148e-01   2.1426059e-01   2.6563737e-01
   1.0440702e-01   2.2715451e-01   2.9344377e-01
   8.5416604e-02   2.3495532e-01   3.9531337e-02
   2.1711405e-01  -1.2394148e-01   2.6468356e-01
  -1.1527191e-01  -2.2183865e-01   1.3736252e-01
  -2.3254029e-01   9.1787866e-02  -3.0918231e-01
   2.2007579e-01  -1.1860289e-01   4.6831729e-02
   2.2218167e-01   1.1460936e-01  -1.5395968e-01
   3.0956189e-02  -2.4807603e-01  -4.2215520e-01
  -1.1063034e-02  -2.4975510e-01  -3.3856051e-01
  -2.2932352e-01  -9.9552625e-02  -3.0449798e-01
   1.0617649e-01   2.2633284e-01   1.2774338e-01
  -2.0741365e-01  -1.3956926e-01  -7.2352724e-02
  -8.1282273e-02   2.3641741e-01   1.5603492e-01
   1.5709666e-01   1.9447530e-01  -2.8028760e-01
   1.0158346e-02   2.4979353e-01  -4.6127010e-01
   2.2226283e-01  -1.1445188e-01   9.2830687e-02
   2.2671287e-01   1.0536258e-01  -2.4444829e-01
   1.0482809e-02   2.4978012e-01   4.6170746e-01
   2.4077864e-01   6.7272932e-02   3.8342089e-01
  -2.3060105e-01   9.6556488e-02  -6.4165726e-02
   2.4901496e-01   2.2170954e-02  -4.6050358e-01
   2.1117535e-01  -1.3380946e-01   2.2430144e-01
   3.7649130e-02   2.4714883e-01   3.4911172e-01
   2.2530559e-01   1.0833924e-01   4.6157151e-01
  -1.3908600e-01   2.0773802e-01  -4.2021874e-01
  -2.4897197e-01   2.2648585e-02  -4.3901438e-02
   2.0956019e-01   1.3632508e-01   4.3197415e-02
   2.4967755e-01   1.2693303e-02   1.8830963e-01
  -1.1095863e-01   2.2402719e-01   1.8885843e-01
  -9.1133202e-02   2.3279764e-01   1.1288458e-01
   2.4262593e-01   6.0271519e-02   1.8815203e-01
  -8.4904312e-02   2.3514093e-01  -1.1187619e-01
   2.4999118e-01   2.0995219e-03   9.8345431e-02
  -2.4838336e-01  -2.8385002e-02  -3.5334788e-01
   5.4408040e-02  -2.4400772e-01  -4.6118774e-01
  -1.7266994e-01  -1.8079019e-01   4.2577998e-01
   2.0638211e-01   1.4109013e-01  -2.2542328e-01
   2.3283041e-01   9.1049426e-02   1.0478722e-01
   5.5377125e-02  -2.4378961e-01   4.6021523e-01
   2.1224302e-01  -1.3210943e-01  -3.4376221e-01
  -2.4412436e-01  -5.3882252e-02  -2.4520671e-01
   2.0046289e-01   1.4938083e-01  -1.3488251e-01
   8.6346627e-02  -2.3461513e-01   3.4658281e-01
  -1.2216624e-01   2.1811788e-01  -9.4975383e-02
  -7.5957436e-02   2.3818159e-01  -2.0474307e-01
   3.2595126e-02  -2.4786601e-01  -3.4712718e-01
   2.4970917e-01   1.2055273e-02  -6.9449541e-02
   2.4556867e-01   4.6861788e-02  -9.8259801e-02
  -1.1891317e-01  -2.1990829e-01  -3.7771430e-01
  -1.8652743e-01  -1.6645575e-01  -4.2910431e-02
  -2.4907848e-01  -2.1445495e-02  -4.2384250e-01
  -8.4594250e-04  -2.4999857e-01   1.2953804e-01
  -3.4089186e-02  -2.4766495e-01  -4.6037113e-01
   8.0505438e-02  -2.3668307e-01   9.2799744e-02
  -9.0598482e-02   2.3300626e-01   2.7244689e-01
  -6.4809043e-02  -2.4145349e-01  -2.2833985e-01
  -2.2767877e-01  -1.0325880e-01  -5.8594261e-02
  -1.9853428e-01   1.5193465e-01   3.6145895e-02
   2.3418069e-01   8.7518019e-02  -4.2189660e-01
   9.2118088e-02  -2.3240968e-01   2.6922103e-03
  -1.2010410e-01   2.1926013e-01   1.4598852e-01
  -2.1267585e-01  -1.3141150e-01  -2.7499730e-01
   1.6114625e-02  -2.4948010e-01   3.4436939e-01
   2.0224823e-01   1.4695459e-01   4.6155959e-01
   1.8794440e-01   1.6485419e-01   3.4861968e-01
  -2.1750878e-01  -1.2324745e-01   1.6069117e-02
  -2.4994743e-01  -5.1264820e-03  -1.8209220e-01
   1.8392405e-01  -1.6932792e-01   2.9368787e-01
   9.7737437e-02  -2.3010301e-01  -2.9796525e-01
  -1.2020943e-02  -2.4971083e-01   4.2057191e-01
   2.4755878e-01   3.4851857e-02   1.5131456e-01
   2.4589492e-01   4.5118582e-02   1.1076498e-01
   2.1509487e-01   1.2741349e-01  -3.5124128e-01
   9.7597209e-02  -2.3016252e-01  -3.8527443e-01
   2.3179560e-01  -9.3652541e-02  -2.7103802e-01
  -7.5044820e-02  -2.3847070e-01   3.7789136e-01
   1.8811913e-01   1.6465477e-01   4.2311691e-01
  -8.3797098e-03  -2.4985952e-01   2.2140923e-01
   1.8288473e-01   1.7044992e-01   1.9481756e-01
   1.8643611e-01   1.6655803e-01  -2.9770548e-01
  -1.3707839e-01  -2.0906820e-01   6.0233424e-02
  -1.1638491e-01   2.2125676e-01   3.0758031e-01
  -1.5054755e-01  -1.9958817e-01  -1.0367839e-01
  -3.3610441e-02  -2.4773037e-01   4.5979598e-01
  -2.4100191e-01  -6.6468650e-02  -4.2392038e-01
   2.9768051e-03  -2.4998228e-01  -1.7116381e-01
   1.0522457e-03   2.4999779e-01   1.8738382e-02
   9.7517382e-03  -2.4980973e-01  -4.6040241e-01
   2.4793073e-01  -3.2099103e-02   1.8731848e-01
   2.0269117e-01  -1.4634305e-01   6.8572499e-02
   2.2755422e-01   1.0353298e-01   1.2077407e-02
  -1.5259761e-01   1.9802517e-01   3.0172535e-01
  -1.7313918e-01   1.8034086e-01   3.3840025e-01
  -8.2260808e-02  -2.3607871e-01   2.5587919e-01
  -2.1916390e-01  -1.2027960e-01  -1.8894389e-01
   9.7428006e-02  -2.3023419e-01  -4.2420476e-02
  -1.6302565e-01   1.8953268e-01   2.5820801e-01
   1.8336053e-02   2.4932667e-01  -3.3372357e-01
   2.1419720e-01   1.2891687e-01  -4.2129191e-01
   5.0630011e-02  -2.4481953e-01  -2.3247176e-01
   3.3874845e-02   2.4769436e-01  -9.9398817e-03
  -1.8873618e-01   1.6394711e-01   4.5889109e-01
  -2.3849075e-01  -7.4981085e-02   2.2160361e-01
   3.3811442e-02   2.4770302e-01  -1.7291495e-01
  -1.7199358e-01  -1.8143376e-01  -1.7672943e-01
  -2.4724604e-01   3.7005347e-02   3.3120955e-01
   1.5559793e-01   1.9567648e-01   4.2236009e-01
   6.9456202e-02  -2.4015794e-01   1.8432437e-01
   2.0933747e-01   1.3666683e-01  -2.7020534e-01
  -6.0251275e-02   2.4263096e-01  -3.4191135e-01
   1.1694049e-02   2.4972635e-01   3.8461788e-01
  -2.3646104e-01  -8.1155276e-02   1.0593610e-01
   2.1468012e-01   1.2811107e-01   4.2333343e-01
  -2.0305533e-01   1.4583735e-01  -4.2242043e-01
   1.9052890e-01   1.6186024e-01   7.6025274e-02
   1.8421979e-01   1.6900612e-01  -2.5287193e-01
   5.3381230e-02  -2.4423440e-01   3.2397913e-01
  -7.1503338e-02   2.3955641e-01  -2.5089267e-01
  -1.9187295e-01  -1.6026470e-01   1.3881488e-03
   2.4754819e-01  -3.4926995e-02  -1.2968085e-01
  -2.2439423e-01   1.1021447e-01   3.1746106e-01
  -4.2383787e-02  -2.4638104e-01   1.4780582e-01
   5.7073509e-02  -2.4339806e-01  -2.7526415e-01
  -2.2357011e-01   1.1187675e-01  -1.8197343e-01
  -1.5617366e-01  -1.9521728e-01  -3.8849501e-01
   2.0444718e-01   1.4387963e-01   1.6575693e-01
   2.1747496e-01  -1.2330711e-01   1.3575182e-01
   9.3018732e-02   2.3205067e-01  -3.2886093e-01
  -2.5049666e-02   2.4874186e-01  -3.1146990e-01
   1.2919786e-01  -2.1402783e-01  -1.5257918e-02
  -2.4984643e-01   8.7613160e-03   3.9436713e-01
   4.6425298e-02  -2.4565157e-01   6.5930219e-02
  -1.8832228e-01   1.6442238e-01  -4.6086891e-01
  -5.8209337e-02   2.4312892e-01  -4.2157188e-01
   2.4873464e-01   2.5121244e-02   3.0668513e-01
  -1.2746221e-01  -2.1506600e-01  -2.9961193e-02
  -2.2053263e-01   1.1775126e-01  -1.3860332e-01
  -2.2992802e-01   9.8148382e-02   2.7088987e-01
  -1.9978697e-01  -1.5028362e-01  -1.6082627e-01
   2.4107203e-01   6.6213886e-02   3.3787988e-02
   2.5000000e-01   0.0000000e+00  -5.0000000e-01
   2.4598240e-01   4.4639224e-02  -5.0000000e-01
   2.3405872e-01   8.7843706e-02  -5.0000000e-01
   2.1461220e-01   1.2822482e-01  -5.0000000e-01
   1.8826787e-01   1.6448468e-01  -5.0000000e-01
   1.5587245e-01   1.9545787e-01  -5.0000000e-01
   1.1846717e-01   2.2014888e-01  -5.0000000e-01
   7.7254249e-02   2.3776413e-01  -5.0000000e-01
   3.3558316e-02   2.4773744e-01  -5.0000000e-01
  -1.1216208e-02   2.4974827e-01  -5.0000000e-01
  -5.5630233e-02   2.4373198e-01  -5.0000000e-01
  -9.8256258e-02   2.2988194e-01  -5.0000000e-01
  -1.3772425e-01   2.0864331e-01  -5.0000000e-01
  -1.7276566e-01   1.8069872e-01  -5.0000000e-01
  -2.0225425e-01   1.4694631e-01  -5.0000000e-01
  -2.2524222e-01   1.0847093e-01  -5.0000000e-01
  -2.4099072e-01   6.6509211e-02  -5.0000000e-01
  -2.4899357e-01   2.2409827e-02  -5.0000000e-01
  -2.4899357e-01  -2.2409827e-02  -5.0000000e-01
  -2.4099072e-01  -6.6509211e-02  -5.0000000e-01
  -2.2524222e-01  -1.0847093e-01  -5.0000000e-01
  -2.0225425e-01  -1.4694631e-01  -5.0000000e-01
  -1.7276566e-01  -1.8069872e-01  -5.0000000e-01
  -1.3772425e-01  -2.0864331e-01  -5.0000000e-01
  -9.8256258e-02  -2.2988194e-01  -5.0000000e-01
  -5.5630233e-02  -2.4373198e-01  -5.0000000e-01
  -1.1216208e-02  -2.4974827e-01  -5.0000000e-01
   3.3558316e-02  -2.4773744e-01  -5.0000000e-01
   7.7254249e-02  -2.3776413e-01  -5.0000000e-01
   1.1846717e-01  -2.2014888e-01  -5.0000000e-01
   1.5587245e-01  -1.9545787e-01  -5.0000000e-01
   1.8826787e-01  -1.6448468e-01  -5.0000000e-01
   2.1461220e-01  -1.2822482e-01  -5.0000000e-01
   2.3405872e-01  -8.7843706e-02  -5.0000000e-01
   2.4598240e-01  -4.4639224e-02  -5.0000000e-01
   2.5000000e-01   0.0000000e+00   5.0000000e-01
   2.4598240e-01   4.4639224e-02   5.0000000e-01
   2.3405872e-01   8.7843706e-02   5.0000000e-01
   2.1461220e-01   1.2822482e-01   5.0000000e-01
   1.8826787e-01   1.6448468e-01   5.0000000e-01
   1.5587245e-01   1.9545787e-01   5.0000000e-01
   1.1846717e-01   2.2014888e-01   5.0000000e-01
   7.7254249e-02   2.3776413e-01   5.0000000e-01
   3.3558316e-02   2.4773744e-01   5.0000000e-01
  -1.1216208e-02   2.4974827e-01   5.0000000e-01
  -5.5630233e-02   2.4373198e-01   5.0000000e-01
  -9.8256258e-02   2.2988194e-01   5.0000000e-01
  -1.3772425e-01   2.0864331e-01   5.0000000e-01
  -1.7276566e-01   1.8069872e-01   5.0000000e-01
  -2.0225425e-01   1.4694631e-01   5.0000000e-01
  -2.2524222e-01   1.0847093e-01   5.0000000e-01
  -2.4099072e-01   6.6509211e-02   5.0000000e-01
  -2.4899357e-01   2.2409827e-02   5.0000000e-01
  -2.4899357e-01  -2.2409827e-02   5.0000000e-01
  -2.4099072e-01  -6.6509211e-02   5.0000000e-01
  -2.2524222e-01  -1.0847093e-01   5.0000000e-01
  -2.0225425e-01  -1.4694631e-01   5.0000000e-01
  -1.7276566e-01  -1.8069872e-01   5.0000000e-01
  -1.3772425e-01  -2.0864331e-01   5.0000000e-01
  -9.8256258e-02  -2.2988194e-01   5.0000000e-01
  -5.5630233e-02  -2.4373198e-01   5.0000000e-01
  -1.1216208e-02  -2.4974827e-01   5.0000000e-01
   3.3558316e-02  -2.4773744e-01   5.0000000e-01
   7.7254249e-02  -2.3776413e-01   5.0000000e-01
   1.1846717e-01  -2.2014888e-01   5.0000000e-01
   1.5587245e-01  -1.9545787e-01   5.0000000e-01
   1.8826787e-01  -1.6448468e-01   5.0000000e-01
   2.1461220e-01  -1.2822482e-01   5.0000000e-01
   2.3405872e-01  -8.7843706e-02   5.0000000e-01
   2.4598240e-01  -4.4639224e-02   5.0000000e-01
